978782209
1654549570
-878206067
1740828908
-1464454877
1858286899
443497879
1573472968
1901313062
-734029067
-1055630713
-1961634705
749426967
1231090858
-891014690
1314268706
-597607089
-196944788
-1818779168
-432867311
-1575173129
600579969
1388588476
-706957404
-129101107
-359793203
-1227081233
2124475928
1025689383
336817287
600582889
1770386510
1370091320
-69906385
-1443345937
1194979295
-127413359
-689708609
-130444221
1208059251
-207727382
94679840
-1800021885
1247030355
479650339
-1257765153
1599194702
-2102776005
-2037953915
495939360
2067911725
-1024891276
2038100044
-441784366
371793839
-652542174
-1338106007
-477044700
1485024213
-1662655526
-807302013
-1274484938
-16014928
116300407
-733462465
1323823123
1973385032
-34165970
-74288448
444096735
-1272373056
-1599937314
643570545
-1678286516
-479940681
-1989078356
1156462849
401874002
-463010576
-2116356401
502142383
-1997215457
279672884
187539112
-502920249
-1064202421
-478569866
477717525
-1112043925
1047599695
383940152
376451077
389970582
-326307785
413594158
-1387474353
-831916962
402792343
2085567008
-281574721
